ACTIVATION: relu
DROP1: 0.2
DROP2: 0.2
DROP3: 0.30000000000000004
HDN1: 1024
HDN2: 512
HDN3: 448
LEARNING_RATE: 0.0002254407339490558
